由5个usv组成的编队以zigzag形式对100*100栅格进行区域遍历搜索，行号为y轴坐标值，列号为x轴坐标值，设定航点如下：
#1 usv
[[3, 3, np.pi/2], [96, 3, 0], [96, 48, -np.pi/2], [23, 48, 0], [23, 53, np.pi/2], [96, 53, 0], [96, 98, -np.pi/2], [3, 98, 0]]
#2 usv
[[3, 8, np.pi/2], [91, 8, 0], [91, 43, -np.pi/2], [18, 43, 0], [18, 58, np.pi/2], [91, 58, 0], [91, 93, -np.pi/2], [3, 93, 0]]
#3 usv
[[3, 13, np.pi/2], [86, 13, 0], [86, 38, -np.pi/2], [13, 38, 0], [13, 63, np.pi/2], [86, 63, 0], [86, 88, -np.pi/2], [3, 88, 0]]
#4 usv
[[3, 18, np.pi/2], [81, 18, 0], [81, 33, -np.pi], [8, 33, 0], [8, 68, np.pi/2], [81, 68, 0], [81, 83, -np.pi/2], [3, 83, 0]]
#5 usv
[[3, 23, np.pi/2], [76, 23, 0], [76, 28, -np.pi/2], [3, 28, 0], [3, 73, np.pi/2], [76, 73, 0], [76, 78, -np.pi/2], [3, 78, 0]]

艏向角：行号为y轴坐标值，列号为x轴坐标值，y轴正方向为0，x轴正方向为np.pi/2，布放点在左上角
#1 usv
[[3, 3, 0], [96, 3, np.pi/2], [96, 48, np.pi], [23, 48, np.pi/2], [23, 53, 0], [96, 53, np.pi/2], [96, 98, np.pi], [3, 98, np.pi/2]]
#2 usv
[[3, 8, 0], [91, 8, np.pi/2], [91, 43, np.pi], [18, 43, np.pi/2], [18, 58, 0], [91, 58, np.pi/2], [91, 93, np.pi], [3, 93, np.pi/2]]
#3 usv
[[3, 13, 0], [86, 13, np.pi/2], [86, 38, np.pi], [13, 38, np.pi/2], [13, 63, 0], [86, 63, np.pi/2], [86, 88, np.pi], [3, 88, np.pi/2]]
#4 usv
[[3, 18, 0], [81, 18, np.pi/2], [81, 33, np.pi], [8, 33, np.pi/2], [8, 68, 0], [81, 68, np.pi/2], [81, 83, np.pi], [3, 83, np.pi/2]]
#5 usv
[[3, 23, 0], [76, 23, np.pi/2], [76, 28, np.pi], [3, 28, np.pi/2], [3, 73, 0], [76, 73, np.pi/2], [76, 78, np.pi], [3, 78, np.pi/2]]

艏向角：行号为y轴坐标值，列号为x轴坐标值，y轴正方向为0，x轴正方向为np.pi/2，布放点在中心位置
#1 usv
[[50, 48, np.pi], [23, 48, np.pi/2], [23, 53, 0], [96, 53, np.pi/2], [96, 98, np.pi], [3, 98, np.pi/2], [50, 48, 0], [96, 48, -np.pi/2], [96, 3, np.pi], [3, 3, np.pi]]
#2 usv
[[50, 43, np.pi], [18, 43, np.pi/2], [18, 58, 0], [91, 58, np.pi/2], [91, 93, np.pi], [3, 93, np.pi/2], [50, 43, 0], [91, 43, -np.pi/2], [91, 8, np.pi], [3, 8, np.pi]]
#3 usv
[[50, 38, np.pi], [13, 38, np.pi/2], [13, 63, 0], [86, 63, np.pi/2], [86, 88, np.pi], [3, 88, np.pi/2], [50, 38, 0], [86, 38, -np.pi/2], [86, 13, np.pi], [3, 13, np.pi]]
#4 usv
[[50, 33, np.pi], [8, 33, np.pi/2], [8, 68, 0], [81, 68, np.pi/2], [81, 83, np.pi], [3, 83, np.pi/2], [50, 33, 0], [81, 33, -np.pi/2], [81, 18, np.pi],[3, 18, np.pi]]
#5 usv
[[50, 28, np.pi], [3, 28, np.pi/2], [3, 73, 0], [76, 73, np.pi/2], [76, 78, np.pi], [3, 78, np.pi/2], [50, 28, 0], [76, 28, -np.pi/2], [76, 23, np.pi], [3, 23, np.pi]]
